069500
091160
091180
102960
102970
117460
117680
117700
139230
140700
140710
157490
161510
182480
200030
203780
218420
241180
245340
245350
245710
251350
256750
266390
266410
266420
289260
305720
315930
329670
352540
365000
371450
372330
379800
379810
381170
394670
399580
410870
411860
413220
414780
415920
417450
419430
426020
426030
434730
441640
441800
442320
445150
453630
453640
453650
453660
453810
456250
456600
460960
463050
463640
463680
463690
465670
466920
466940
468380
473460
473640
474800
475050
475070
475350
475380
476690
477730
479730
487230
487240
487920
488480
495060
498270
498860
499150

0051A0 KoAct 브로드컴밸류체인액티브
0093D0 KoAct 팔란티어밸류체인액티브
457480 ACE 테슬라밸류체인액티브
483320 ACE 엔비디아밸류체인액티브
483330 ACE 마이크로소프트밸류체인액티브
483340 ACE 구글밸류체인액티브
483420 ACE 애플밸류체인액티브
